Begin check matmul for 32x32 matrices
grid: 1x1
block: 32x32

CPU time: 0.000177

ker1 time: 5.1e-05
0 4 7.28738e+72|0 5 5.39528e+67|0 8 2.22317e+55|0 9 5.39528e+67|0 10 7.28738e+72|0 12 1.77498e+131|0 13 2.22317e+55|0 14 2.22317e+55|0 16 5.39528e+67|0 17 1.77585e+131|0 20 7.28738e+72|0 21 3.84564e+58|0 24 2.232e+55|0 26 1.77628e+131|Error: -2.01427e+237

ker2 time: 5e-05
0 4 7.28738e+72|0 5 5.39528e+67|0 8 2.22317e+55|0 9 5.39528e+67|0 10 7.28738e+72|0 12 1.77498e+131|0 13 2.22317e+55|0 14 2.22317e+55|0 16 5.39528e+67|0 17 1.77585e+131|0 20 7.28738e+72|0 21 3.84564e+58|0 24 2.232e+55|0 26 1.77628e+131|Error: -2.01427e+237

ker3 time: 5e-05
0 4 7.28738e+72|0 5 5.39528e+67|0 8 2.22317e+55|0 9 5.39528e+67|0 10 7.28738e+72|0 12 1.77498e+131|0 13 2.22317e+55|0 14 2.22317e+55|0 16 5.39528e+67|0 17 1.77585e+131|0 20 7.28738e+72|0 21 3.84564e+58|0 24 2.232e+55|0 26 1.77628e+131|Error: -2.01427e+237

ker3_v2 time: 5.2e-05
0 4 7.28738e+72|0 5 5.39528e+67|0 8 2.22317e+55|0 9 5.39528e+67|0 10 7.28738e+72|0 12 1.77498e+131|0 13 2.22317e+55|0 14 2.22317e+55|0 16 5.39528e+67|0 17 1.77585e+131|0 20 7.28738e+72|0 21 3.84564e+58|0 24 2.232e+55|0 26 1.77628e+131|Error: -2.01427e+237

ker4 time: 5e-05
0 4 7.28738e+72|0 5 5.39528e+67|0 8 2.22317e+55|0 9 5.39528e+67|0 10 7.28738e+72|0 12 1.77498e+131|0 13 2.22317e+55|0 14 2.22317e+55|0 16 5.39528e+67|0 17 1.77585e+131|0 20 7.28738e+72|0 21 3.84564e+58|0 24 2.232e+55|0 26 1.77628e+131|Error: -2.01427e+237

ker4_v2 time: 4.9e-05
0 4 7.28738e+72|0 5 5.39528e+67|0 8 2.22317e+55|0 9 5.39528e+67|0 10 7.28738e+72|0 12 1.77498e+131|0 13 2.22317e+55|0 14 2.22317e+55|0 16 5.39528e+67|0 17 1.77585e+131|0 20 7.28738e+72|0 21 3.84564e+58|0 24 2.232e+55|0 26 1.77628e+131|Error: -2.01427e+237

End check matmul for 32x32 matrices
