Begin check matmul for 64x64 matrices
grid: 2x2
block: 32x32

CPU time: 0.000997

ker1 time: 5.5e-05
33 31 9.6534e+60|33 32 9.6534e+60|33 35 1.11779e+138|33 37 1.11779e+138|33 41 1.11779e+138|33 43 1.11779e+138|33 44 1.11779e+138|33 45 1.11779e+138|33 47 1.11779e+138|33 49 1.11779e+138|33 51 1.11779e+138|33 52 1.11779e+138|33 53 1.11779e+138|33 55 1.11779e+138|Error: -nan

ker2 time: 5.1e-05
33 31 9.6534e+60|33 32 9.6534e+60|33 35 1.11779e+138|33 37 1.11779e+138|33 41 1.11779e+138|33 43 1.11779e+138|33 44 1.11779e+138|33 45 1.11779e+138|33 47 1.11779e+138|33 49 1.11779e+138|33 51 1.11779e+138|33 52 1.11779e+138|33 53 1.11779e+138|33 55 1.11779e+138|Error: -nan

ker3 time: 5.2e-05
33 31 9.6534e+60|33 32 9.6534e+60|33 35 1.11779e+138|33 37 1.11779e+138|33 41 1.11779e+138|33 43 1.11779e+138|33 44 1.11779e+138|33 45 1.11779e+138|33 47 1.11779e+138|33 49 1.11779e+138|33 51 1.11779e+138|33 52 1.11779e+138|33 53 1.11779e+138|33 55 1.11779e+138|Error: -nan

ker3_v2 time: 8.1e-05
33 31 9.6534e+60|33 32 9.6534e+60|33 35 1.11779e+138|33 37 1.11779e+138|33 41 1.11779e+138|33 43 1.11779e+138|33 44 1.11779e+138|33 45 1.11779e+138|33 47 1.11779e+138|33 49 1.11779e+138|33 51 1.11779e+138|33 52 1.11779e+138|33 53 1.11779e+138|33 55 1.11779e+138|Error: -nan

ker4 time: 7.1e-05
33 31 9.6534e+60|33 32 9.6534e+60|33 35 1.11779e+138|33 37 1.11779e+138|33 41 1.11779e+138|33 43 1.11779e+138|33 44 1.11779e+138|33 45 1.11779e+138|33 47 1.11779e+138|33 49 1.11779e+138|33 51 1.11779e+138|33 52 1.11779e+138|33 53 1.11779e+138|33 55 1.11779e+138|Error: -nan

ker4_v2 time: 6.4e-05
33 31 9.6534e+60|33 32 9.6534e+60|33 35 1.11779e+138|33 37 1.11779e+138|33 41 1.11779e+138|33 43 1.11779e+138|33 44 1.11779e+138|33 45 1.11779e+138|33 47 1.11779e+138|33 49 1.11779e+138|33 51 1.11779e+138|33 52 1.11779e+138|33 53 1.11779e+138|33 55 1.11779e+138|Error: -nan

End check matmul for 64x64 matrices
